751
1
28
3
291 689
4
167
5
133 861
7
286
9
383 618
11
484 511
13
606
14
464 529
16
454 543
17
387
19
298
21
203
22
775
23
567
24
125
25
602
28
403 590
33
38
34
275
35
358
38
248 735
41
433
42
284
43
424 572
45
36 974
48
375 622
50
156 833
56
87
60
197
62
576
63
505
70
248 735
73
182 800
74
100
75
616
77
6 995
78
442
81
450
83
339 659
87
223 763
90
314
92
260
98
140
100
196
106
644
107
567
109
820
110
15 988
111
423
112
147 841
113
470 524
120
67 937
121
52 957
122
187
125
951
132
176
135
208
136
169 813
139
550
140
46 965
142
178
145
768
148
245
149
532
154
483
159
370
164
248 735
166
296
167
799
174
704
176
614
178
279
181
254
184
755
186
294
187
206 781
192
481 513
193
214 773
194
467
196
436
202
337 661
203
546
208
852
210
245
211
736
212
373 624
213
222
216
388 609
217
550
219
288 697
220
745
222
514
228
484 511
229
576
230
497
232
275
233
358
235
519
239
153 835
240
147 841
241
327 668
245
339 659
254
718
258
688
260
767
265
516
267
457
268
516
272
64 943
274
69 932
275
20 984
278
357
279
101 898
282
303
283
732
284
133 861
292
648
293
400
294
101 898
300
32 977
301
488
302
367
303
27 981
308
381
309
644
311
15 988
312
803
313
402 595
314
146 846
316
736
317
352
319
238 750
320
409 585
323
923
325
638
326
348
328
393
329
347
332
416
333
430
334
356
340
778
342
310 676
346
161 824
347
893
351
491
352
409 585
356
933
362
15 988
364
473
367
997
370
31 979
377
172 808
378
156 833
379
423
380
530
381
848
391
908
393
40 968
397
623
400
262 714
406
508
411
96 903
412
236 752
416
414 581
421
10 991
423
243 744
430
507
433
605
436
382 619
440
500
441
775
442
172 808
448
516
450
243 744
453
799
456
67 937
457
417 579
462
707
463
444 552
467
815
472
725
473
424 572
479
559
480
663
483
161 824
486
488
488
736
497
138 856
500
647
504
728
505
536
507
146 846
514
869
516
605
532
723
536
262 714
539
156 833
540
161 824
541
942
546
80 920
550
99 901
555
93 910
556
923
557
644
559
88 912
561
66 940
565
732
567
596
574
807
575
970
576
0 999
591
481 513
592
614
593
725
594
51 958
596
198 789
602
614
605
964
613
200 783
614
470 524
629
51 958
638
896
640
310 676
641
992
642
680
644
812
650
93 910
652
658
654
784
655
671
656
124 873
658
130 866
669
865
671
198 789
677
820
678
327 668
679
153 835
680
118 881
687
692
688
259 715
691
787
692
221 765
694
195 793
702
888
704
339 659
707
745
712
386 612
713
185 797
718
6 995
722
978
723
270 703
725
907
730
736
732
195 793
736
185 797
743
146 846
745
757
748
775
754
394 603
755
146 846
757
49 960
764
855
766
495 496
767
799
772
494 498
775
906
780
180 801
784
831
786
118 881
787
273 700
791
307 681
792
15 988
799
243 744
811
15 988
812
887
820
359 634
823
844
826
409 585
827
475 521
829
878
830
128 871
831
191 794
839
844
842
118 881
843
851
844
878
850
257 716
851
438 558
855
138 856
860
335 664
863
887
864
290 695
865
922
869
290 695
874
424 572
875
214 773
877
80 920
878
93 910
887
46 965
893
114 885
896
168 814
900
962
905
931
906
221 765
914
959
917
976
921
88 912
922
118 881
926
408 586
931
6 995
936
168 814
938
970
939
146 846
942
180 801
948
986
950
408 586
951
466 527
955
6 995
959
66 940
964
366 631
969
108 891
970
986
975
80 920
976
108 891
986
55 952
992
214 773
997
290 695
0 999
337 661
6 995
234 753
55 952
458 537
58 947
108 891
59 946
234 753
61 945
64 943
64 943
234 753
76 928
133 861
79 927
88 912
80 920
470 524
86 915
424 572
88 912
324 670
105 892
269 705
108 891
337 661
118 881
355 635
130 866
424 572
133 861
366 631
146 846
231 758
180 801
461 534
191 794
227 759
214 773
307 681
227 759
461 534
253 720
288 697
256 717
437 562
257 716
424 572
266 709
398 600
269 705
324 670
273 700
285 698
285 698
353 636
306 683
307 681
307 681
424 572
337 661
382 619
350 637
401 598
353 636
386 612
365 632
454 543
366 631
372 625
372 625
449 545
382 619
424 572
386 612
481 513
394 603
470 524
398 600
481 513
401 598
449 545
407 587
470 524
408 586
461 534
419 577
424 572
422 573
424 572
424 572
